Logiciels_installesID,OrdinateurID,LogicielID
1,1,15
2,2,5
3,3,8
4,4,20
5,5,12
6,6,7
7,7,18
8,8,1
9,9,10
10,10,14
11,11,3
12,12,2
13,13,16
14,14,9
15,15,13
16,16,11
17,17,4
18,18,19
19,19,6
20,20,17
21,21,1
22,22,5
23,23,8
24,24,20
25,25,12
26,26,7
27,27,18
28,28,15
29,29,10
30,30,14
31,31,3
32,32,2
33,33,16
34,34,9
35,35,13
36,36,11
37,37,4
38,38,19
39,39,6
40,40,17
41,41,1
42,42,5
43,43,8
44,44,20
45,45,12
46,46,7
47,47,18
48,48,15
49,49,10
50,50,14
51,51,3
52,52,2
53,53,16
54,54,9
55,55,13
56,56,11
57,57,4
58,58,19
59,59,6
60,60,17
61,61,1
62,62,5
63,63,8
64,64,20
65,65,12
66,66,7
67,67,18
68,68,15
69,69,10
70,70,14
71,71,3
72,72,2
73,73,16
74,74,9
75,75,13
76,76,11
77,77,4
78,78,19
79,79,6
80,80,17
81,81,1
82,82,5
83,83,8
84,84,20
85,85,12
86,86,7
87,87,18
88,88,15
89,89,10
90,90,14
91,91,3
92,92,2
93,93,16
94,94,9
95,95,13
96,96,11
97,97,4
98,98,19
99,99,6
100,100,17
